  24 103 39 9776
! 31 103 35 9672
" 39 103 31 9568
# 68 103 17 9464
$ 55 103 23 9360
% 78 103 12 9256
& 64 103 19 9152
' 23 103 39 9048
( 35 103 33 8944
) 35 103 33 8840
* 46 103 28 8736
+ 51 103 25 8632
, 28 103 37 8528
- 48 103 27 8424
. 28 103 37 8320
/ 51 103 25 8216
0 83 103 9 8112
1 33 103 34 8008
2 56 103 23 7904
3 58 103 22 7800
4 72 103 15 7696
5 61 103 20 7592
6 60 103 21 7488
7 59 103 21 7384
8 57 103 22 7280
9 60 103 21 7176
: 28 103 37 7072
; 28 103 37 6968
< 67 103 17 6864
= 51 103 25 6760
> 65 103 18 6656
? 54 103 24 6552
@ 102 103 0 6448
A 75 103 13 6344
B 61 103 20 6240
C 73 103 14 6136
D 60 103 21 6032
E 54 103 24 5928
F 54 103 24 5824
G 83 103 9 5720
H 62 103 20 5616
I 24 103 39 5512
J 42 103 30 5408
K 60 103 21 5304
L 54 103 24 5200
M 84 103 9 5096
N 72 103 15 4992
O 83 103 9 4888
P 61 103 20 4784
Q 83 103 9 4680
R 62 103 20 4576
S 54 103 24 4472
T 63 103 19 4368
U 70 103 16 4264
V 75 103 13 4160
W 96 103 3 4056
X 67 103 17 3952
Y 67 103 17 3848
Z 63 103 19 3744
[ 100 103 1 3640
\ 51 103 25 3536
] 100 103 1 3432
^ 50 103 26 3328
_ 76 103 13 3224
` 23 103 39 3120
a 75 103 13 3016
b 61 103 20 2912
c 73 103 14 2808
d 60 103 21 2704
e 54 103 24 2600
f 54 103 24 2496
g 83 103 9 2392
h 62 103 20 2288
i 24 103 39 2184
j 42 103 30 2080
k 60 103 21 1976
l 54 103 24 1872
m 84 103 9 1768
n 72 103 15 1664
o 83 103 9 1560
p 61 103 20 1456
q 83 103 9 1352
r 62 103 20 1248
s 54 103 24 1144
t 63 103 19 1040
u 70 103 16 936
v 75 103 13 832
w 96 103 3 728
x 67 103 17 624
y 67 103 17 520
z 63 103 19 416
{ 100 103 1 312
| 34 103 34 208
} 100 103 1 104
~ 100 103 1 0
