  19 79 27 7520
! 11 79 31 7440
" 18 79 28 7360
# 62 79 6 7280
$ 37 79 18 7200
% 59 79 7 7120
& 62 79 6 7040
' 10 79 32 6960
( 28 79 23 6880
) 28 79 23 6800
* 38 79 18 6720
+ 20 79 27 6640
, 16 79 29 6560
- 25 79 24 6480
. 15 79 29 6400
/ 24 79 25 6320
0 21 79 26 6240
1 12 79 31 6160
2 17 79 28 6080
3 21 79 26 6000
4 20 79 27 5920
5 20 79 27 5840
6 18 79 28 5760
7 13 79 30 5680
8 15 79 29 5600
9 17 79 28 5520
: 20 79 27 5440
; 20 79 27 5360
< 37 79 18 5280
= 37 79 18 5200
> 37 79 18 5120
? 20 79 27 5040
@ 74 79 0 4960
A 20 79 27 4880
B 19 79 27 4800
C 18 79 28 4720
D 20 79 27 4640
E 22 79 26 4560
F 15 79 29 4480
G 18 79 28 4400
H 18 79 28 4320
I 8 79 33 4240
J 18 79 28 4160
K 22 79 26 4080
L 18 79 28 4000
M 23 79 25 3920
N 18 79 28 3840
O 18 79 28 3760
P 16 79 29 3680
Q 18 79 28 3600
R 18 79 28 3520
S 15 79 29 3440
T 20 79 27 3360
U 17 79 28 3280
V 17 79 28 3200
W 27 79 23 3120
X 18 79 28 3040
Y 13 79 30 2960
Z 18 79 28 2880
[ 61 79 6 2800
\ 37 79 18 2720
] 62 79 6 2640
^ 17 79 28 2560
_ 38 79 18 2480
` 14 79 30 2400
a 20 79 27 2320
b 19 79 27 2240
c 18 79 28 2160
d 20 79 27 2080
e 22 79 26 2000
f 15 79 29 1920
g 18 79 28 1840
h 18 79 28 1760
i 8 79 33 1680
j 18 79 28 1600
k 22 79 26 1520
l 18 79 28 1440
m 23 79 25 1360
n 18 79 28 1280
o 18 79 28 1200
p 16 79 29 1120
q 18 79 28 1040
r 18 79 28 960
s 15 79 29 880
t 20 79 27 800
u 17 79 28 720
v 17 79 28 640
w 27 79 23 560
x 18 79 28 480
y 13 79 30 400
z 18 79 28 320
{ 61 79 6 240
| 37 79 18 160
} 62 79 6 80
~ 22 79 26 0
